no.| time
0.000005
0.001914
0.000006
0.000003
0.000002
0.000002
0.000002
0.000003
0.000003
0.000003
0.000004
0.000003
0.000002
0.000003
0.000002
0.000002
0.000003
0.000002
0.000003
0.000003
0.000003
0.000004
0.000009
0.000014
0.000005
0.000005
0.000008
0.000005
0.000009
0.000012
0.000018
0.000016
0.000035
0.000017
0.000021
0.000017
0.000020
0.000018
0.000024
0.000052
0.000023
0.000034
0.000036
0.000023
0.000026
0.000049
0.000025
0.000019
0.000022
0.000022
0.000025
0.000021
0.000017
0.000027
0.000021
0.000023
0.000022
0.000021
0.000023
0.000031
0.000031
0.000032
0.000037
0.000032
0.001019
0.000066
0.000074
0.000044
0.000036
0.000040
0.000041
0.000039
0.000035
0.000040
0.000038
0.000044
0.000043
0.000053
0.000099
0.000046
0.000042
0.000047
0.000047
0.000051
0.000240
0.000089
0.000052
0.000053
0.000051
0.000060
0.000101
0.000106
0.000067
0.000057
0.000060
0.000058
0.000107
0.000074
0.000061
0.000076
0.000065
0.000065
0.000068
0.000061
0.000068
0.000167
0.000080
0.000075
0.000072
0.000117
0.000132
0.000108
0.000074
0.000074
0.000078
0.000304
0.000084
0.000086
0.000091
0.000097
0.000167
0.000095
0.000096
0.000100
0.000095
0.000102
0.000098
0.000260
0.000221
0.000232
0.000100
0.000211
0.000152
0.000221
0.000112
0.000217
0.000115
0.000226
0.000126
0.000239
0.000127
0.000285
0.000128
0.000280
0.000257
0.000134
0.000363
0.000146
0.000304
0.000165
0.000306
0.000302
0.000193
0.000303
0.000164
0.000308
0.000461
0.000200
0.000325
0.000162
0.000338
0.000360
0.000166
0.000327
0.000363
0.000227
0.000387
0.000379
0.000258
0.000430
0.000412
0.000199
0.000373
0.000531
0.000386
0.000399
0.000419
0.000213
0.000412
0.000455
0.000238
0.000622
0.000464
0.000460
0.000254
0.000515
0.000491
0.000481
0.000297
0.000513
0.000515
0.000234
0.000541
0.000472
0.000521
0.000511
0.000288
0.000531
0.000927
0.000526
0.000353
0.000540
0.000650
0.000877
0.000608
0.000322
0.000555
0.000645
0.000604
0.000585
0.000362
0.000581
0.000691
0.000669
0.000699
0.000638
0.000435
0.000686
0.000724
0.000700
0.000705
0.000724
0.000730
0.000355
0.000751
0.000712
0.000706
0.000697
0.000737
0.000777
0.000745
0.000726
0.000785
0.000484
0.000818
0.000810
0.000871
0.000891
0.000805
0.000808
0.000914
0.001091
0.000997
0.001098
0.001849
0.001624
0.000929
0.000909
0.001021
0.001633
