no.| time
 0.000000
 0.000000
 0.000000
 0.000001
 0.000001
 0.000002
 0.000002
 0.000003
 0.000004
 0.000005
 0.000007
 0.000008
 0.000011
 0.000013
 0.000017
 0.000020
 0.000024
 0.000028
 0.000033
 0.000039
 0.000045
 0.000052
 0.000059
 0.000068
 0.000077
 0.000086
 0.000096
 0.000107
 0.000118
 0.000131
 0.000147
 0.000172
 0.000296
 0.000191
 0.000264
 0.000259
 0.000246
 0.000268
 0.000299
 0.000418
 0.000668
 0.000387
 0.000369
 0.000396
 0.000458
 0.000464
 0.000463
 0.000494
 0.000522
 0.000558
 0.000635
 0.001049
 0.001185
 0.001084
 0.001020
 0.000753
 0.000926
 0.001019
 0.001197
 0.001468
 0.001630
 0.001579
 0.001637
 0.001203
 0.001281
 0.001224
 0.001248
 0.001503
 0.001358
 0.001448
 0.001425
 0.001739
 0.001537
 0.001765
 0.001661
 0.001990
 0.002545
 0.002022
 0.002174
 0.001960
 0.001977
 0.002142
 0.002186
 0.002301
 0.002584
 0.002825
 0.002845
 0.002590
 0.002447
 0.002755
 0.002662
 0.002935
 0.003076
 0.003149
 0.004151
 0.003639
 0.003463
 0.003369
 0.003633
 0.003590
 0.003977
 0.003888
 0.003790
 0.003967
 0.004080
 0.004481
 0.005931
 0.004573
 0.004918
 0.004924
 0.005019
 0.004912
 0.005024
 0.005166
 0.005296
 0.005831
 0.005907
 0.005779
 0.006286
 0.006228
 0.006273
 0.006464
 0.006515
 0.007462
 0.006992
 0.007818
 0.008268
 0.008213
 0.012855
 0.008068
 0.008334
 0.008029
 0.008841
 0.009885
 0.009105
 0.014052
 0.010451
 0.010783
 0.013739
 0.010498
 0.010673
 0.010389
 0.010906
 0.011344
 0.012615
 0.011870
 0.011447
 0.011494
 0.011776
 0.012338
 0.012107
 0.015215
 0.013086
 0.013648
 0.015364
 0.013324
 0.015277
 0.017954
 0.016145
 0.015929
 0.015442
 0.016900
 0.016430
 0.016500
 0.017470
 0.018197
 0.017718
 0.017498
 0.018528
 0.018418
 0.019902
 0.021750
 0.020845
 0.021076
 0.019733
 0.023672
 0.022240
 0.035495
 0.028101
 0.022501
 0.021912
 0.022427
 0.025355
 0.023736
 0.025111
 0.025242
 0.026800
 0.026643
 0.027777
 0.026214
 0.027441
 0.032506
 0.029038
 0.029050
 0.030874
 0.031959
 0.031148
 0.031230
 0.032129
 0.032887
 0.033088
 0.033455
 0.034627
 0.035575
 0.042733
 0.036821
 0.039765
 0.036148
 0.038866
 0.039195
 0.038340
 0.040170
 0.043496
 0.040048
 0.040675
 0.040543
 0.042379
 0.042519
 0.047513
 0.045911
 0.048486
 0.047911
 0.048539
 0.051002
 0.051299
 0.047882
 0.051277
 0.049267
 0.054274
 0.051271
 0.053029
 0.048140
 0.055701
 0.058147
 0.059021
 0.058485
 0.058165
 0.061071
 0.058953
 0.058209
 0.068091
 0.061509
 0.060559
 0.059990
 0.072005
 0.064337
 0.069029
 0.060380
 0.069565
 0.069268
